seed,score,lowestFaceDown,completedRuns,depth,nodes
998,-23120,38,0,6,2567
588,-23235,38,0,6,2964
67,-23350,38,0,6,2124
46,-23525,39,0,5,1282
86,-23525,39,0,5,2326
124,-23525,39,0,5,2453
156,-23525,39,0,5,2281
217,-23525,39,0,5,2019
298,-23525,39,0,5,2287
459,-23525,39,0,5,2207
509,-23525,39,0,5,2153
547,-23525,39,0,5,2318
632,-23525,39,0,5,2554
721,-23525,39,0,5,2204
101,-23640,39,0,5,2554
120,-23640,39,0,5,2444
131,-23640,39,0,5,2082
137,-23640,39,0,5,2647
154,-23640,39,0,5,2221
174,-23640,39,0,5,2645
175,-23640,39,0,5,2394
304,-23640,39,0,5,1996
478,-23640,39,0,5,2218
501,-23640,39,0,5,2180
502,-23640,39,0,5,1487
506,-23640,39,0,5,2120
518,-23640,39,0,5,2401
520,-23640,39,0,5,3190
526,-23640,39,0,5,2491
548,-23640,39,0,5,2507
550,-23640,39,0,5,2794
566,-23640,39,0,5,2365
634,-23640,39,0,5,2059
698,-23640,39,0,5,2487
701,-23640,39,0,5,2310
717,-23640,39,0,5,3035
722,-23640,39,0,5,2479
888,-23640,39,0,5,2037
937,-23640,39,0,5,2275
985,-23640,39,0,5,2435
987,-23640,39,0,5,1891
996,-23640,39,0,5,2682
6,-23755,39,0,5,1915
108,-23755,39,0,5,2425
110,-23755,39,0,5,2219
113,-23755,39,0,5,2397
141,-23755,39,0,5,2239
160,-23755,39,0,5,2137
161,-23755,39,0,5,2295
301,-23755,39,0,5,2053
309,-23755,39,0,5,1020
439,-23755,39,0,5,844
507,-23755,39,0,5,2130
510,-23755,39,0,5,2609
525,-23755,39,0,5,2172
539,-23755,39,0,5,2507
541,-23755,39,0,5,2240
544,-23755,39,0,5,2275
583,-23755,39,0,5,2187
599,-23755,39,0,5,1811
605,-23755,39,0,5,2139
607,-23755,39,0,5,1939
608,-23755,39,0,5,2152
611,-23755,39,0,5,2201
618,-23755,39,0,5,2258
624,-23755,39,0,5,2335
679,-23755,39,0,5,2634
686,-23755,39,0,5,2358
687,-23755,39,0,5,2428
690,-23755,39,0,5,2364
706,-23755,39,0,5,2220
707,-23755,39,0,5,2668
715,-23755,39,0,5,2553
828,-23755,39,0,5,609
843,-23755,39,0,5,1314
936,-23755,39,0,5,2307
943,-23755,39,0,5,1615
959,-23755,39,0,5,2225
964,-23755,39,0,5,2752
966,-23755,39,0,5,2228
971,-23755,39,0,5,2291
980,-23755,39,0,5,2453
983,-23755,39,0,5,2583
988,-23755,39,0,5,2165
2,-23870,39,0,5,2746
77,-23870,39,0,5,2155
78,-23870,39,0,5,1862
104,-23870,39,0,5,1997
125,-23870,39,0,5,2005
128,-23870,39,0,5,2115
153,-23870,39,0,5,2588
306,-23870,39,0,5,1088
335,-23870,39,0,5,1073
347,-23870,39,0,5,780
353,-23870,39,0,5,2110
504,-23870,39,0,5,2036
515,-23870,39,0,5,2223
536,-23870,39,0,5,2433
563,-23870,39,0,5,2388
593,-23870,39,0,5,1811
604,-23870,39,0,5,2404
617,-23870,39,0,5,1966
637,-23870,39,0,5,1456
641,-23870,39,0,5,2509
670,-23870,39,0,5,1683
677,-23870,39,0,5,2476
681,-23870,39,0,5,2422
704,-23870,39,0,5,2499
710,-23870,39,0,5,2163
713,-23870,39,0,5,2371
794,-23870,39,0,5,1847
893,-23870,39,0,5,2148
919,-23870,39,0,5,2220
957,-23870,39,0,5,2688
965,-23870,39,0,5,2330
979,-23870,39,0,5,2381
92,-23985,39,0,5,1934
119,-23985,39,0,5,2273
499,-23985,39,0,5,2061
505,-23985,39,0,5,2540
540,-23985,39,0,5,2771
595,-23985,39,0,5,2150
614,-23985,39,0,5,2122
671,-23985,39,0,5,2044
914,-23985,39,0,5,2135
939,-23985,39,0,5,2446
295,-24100,39,0,5,1749
25,-24160,40,0,4,1634
65,-24160,40,0,4,1510
66,-24160,40,0,4,427
70,-24160,40,0,4,1895
73,-24160,40,0,4,2072
82,-24160,40,0,4,2119
85,-24160,40,0,4,2214
89,-24160,40,0,4,2152
90,-24160,40,0,4,1385
98,-24160,40,0,4,2020
100,-24160,40,0,4,1428
107,-24160,40,0,4,1909
127,-24160,40,0,4,1878
148,-24160,40,0,4,1198
157,-24160,40,0,4,1834
162,-24160,40,0,4,1198
165,-24160,40,0,4,1171
176,-24160,40,0,4,1622
180,-24160,40,0,4,1287
182,-24160,40,0,4,1963
187,-24160,40,0,4,1939
211,-24160,40,0,4,1219
212,-24160,40,0,4,904
241,-24160,40,0,4,1926
248,-24160,40,0,4,1990
282,-24160,40,0,4,1057
297,-24160,40,0,4,1786
311,-24160,40,0,4,804
327,-24160,40,0,4,992
336,-24160,40,0,4,1902
344,-24160,40,0,4,1626
357,-24160,40,0,4,1951
359,-24160,40,0,4,1834
361,-24160,40,0,4,1606
365,-24160,40,0,4,1599
369,-24160,40,0,4,1448
376,-24160,40,0,4,1645
378,-24160,40,0,4,1519
386,-24160,40,0,4,1545
387,-24160,40,0,4,1949
398,-24160,40,0,4,1932
417,-24160,40,0,4,914
430,-24160,40,0,4,1390
436,-24160,40,0,4,1603
438,-24160,40,0,4,1487
441,-24160,40,0,4,1573
451,-24160,40,0,4,1270
454,-24160,40,0,4,468
465,-24160,40,0,4,1274
484,-24160,40,0,4,868
491,-24160,40,0,4,1932
493,-24160,40,0,4,2201
500,-24160,40,0,4,2115
534,-24160,40,0,4,1391
545,-24160,40,0,4,2084
559,-24160,40,0,4,2060
567,-24160,40,0,4,1971
572,-24160,40,0,4,1914
574,-24160,40,0,4,2247
577,-24160,40,0,4,1938
601,-24160,40,0,4,1293
602,-24160,40,0,4,1830
603,-24160,40,0,4,1974
609,-24160,40,0,4,858
623,-24160,40,0,4,2280
625,-24160,40,0,4,1793
626,-24160,40,0,4,1687
635,-24160,40,0,4,1636
640,-24160,40,0,4,2105
642,-24160,40,0,4,1229
643,-24160,40,0,4,1279
644,-24160,40,0,4,2055
647,-24160,40,0,4,2200
648,-24160,40,0,4,2049
653,-24160,40,0,4,2029
663,-24160,40,0,4,2399
664,-24160,40,0,4,1912
666,-24160,40,0,4,2152
672,-24160,40,0,4,1940
673,-24160,40,0,4,1262
678,-24160,40,0,4,1534
697,-24160,40,0,4,1757
708,-24160,40,0,4,1439
709,-24160,40,0,4,1330
790,-24160,40,0,4,1117
811,-24160,40,0,4,1047
822,-24160,40,0,4,1835
831,-24160,40,0,4,626
836,-24160,40,0,4,1440
847,-24160,40,0,4,1407
874,-24160,40,0,4,1577
876,-24160,40,0,4,1581
889,-24160,40,0,4,1458
898,-24160,40,0,4,1119
900,-24160,40,0,4,1934
906,-24160,40,0,4,990
911,-24160,40,0,4,1708
915,-24160,40,0,4,2225
916,-24160,40,0,4,1591
926,-24160,40,0,4,2233
946,-24160,40,0,4,2136
948,-24160,40,0,4,2020
956,-24160,40,0,4,2007
958,-24160,40,0,4,2048
960,-24160,40,0,4,1190
961,-24160,40,0,4,1062
974,-24160,40,0,4,1888
992,-24160,40,0,4,1177
300,-24275,40,0,5,1521
554,-24275,40,0,5,2103
748,-24275,40,0,5,2023
4,-24275,40,0,4,1211
8,-24275,40,0,4,1731
10,-24275,40,0,4,832
16,-24275,40,0,4,1988
17,-24275,40,0,4,2025
19,-24275,40,0,4,828
21,-24275,40,0,4,1663
26,-24275,40,0,4,979
27,-24275,40,0,4,1748
28,-24275,40,0,4,1822
33,-24275,40,0,4,1645
36,-24275,40,0,4,1167
38,-24275,40,0,4,520
41,-24275,40,0,4,1560
51,-24275,40,0,4,1809
55,-24275,40,0,4,1173
57,-24275,40,0,4,2062
68,-24275,40,0,4,1625
72,-24275,40,0,4,1036
79,-24275,40,0,4,784
83,-24275,40,0,4,1405
88,-24275,40,0,4,1125
91,-24275,40,0,4,1733
93,-24275,40,0,4,1981
94,-24275,40,0,4,1831
96,-24275,40,0,4,1572
99,-24275,40,0,4,1601
111,-24275,40,0,4,1400
112,-24275,40,0,4,1954
115,-24275,40,0,4,954
118,-24275,40,0,4,1860
122,-24275,40,0,4,1876
123,-24275,40,0,4,945
133,-24275,40,0,4,1798
139,-24275,40,0,4,2027
142,-24275,40,0,4,1993
164,-24275,40,0,4,1835
166,-24275,40,0,4,2125
168,-24275,40,0,4,2057
169,-24275,40,0,4,1534
171,-24275,40,0,4,1919
173,-24275,40,0,4,1953
177,-24275,40,0,4,1885
181,-24275,40,0,4,653
188,-24275,40,0,4,1528
189,-24275,40,0,4,1077
190,-24275,40,0,4,1865
200,-24275,40,0,4,1247
208,-24275,40,0,4,1280
210,-24275,40,0,4,2053
213,-24275,40,0,4,1829
215,-24275,40,0,4,1477
218,-24275,40,0,4,1809
222,-24275,40,0,4,1462
224,-24275,40,0,4,1797
225,-24275,40,0,4,942
226,-24275,40,0,4,1257
228,-24275,40,0,4,1679
233,-24275,40,0,4,1602
240,-24275,40,0,4,1897
243,-24275,40,0,4,1801
246,-24275,40,0,4,910
255,-24275,40,0,4,1776
262,-24275,40,0,4,1926
284,-24275,40,0,4,1678
291,-24275,40,0,4,785
305,-24275,40,0,4,1580
307,-24275,40,0,4,1936
308,-24275,40,0,4,1772
314,-24275,40,0,4,1457
318,-24275,40,0,4,1826
319,-24275,40,0,4,1345
323,-24275,40,0,4,1911
325,-24275,40,0,4,1886
331,-24275,40,0,4,1251
343,-24275,40,0,4,1491
355,-24275,40,0,4,1341
362,-24275,40,0,4,1926
363,-24275,40,0,4,1173
364,-24275,40,0,4,1141
366,-24275,40,0,4,1156
368,-24275,40,0,4,1984
372,-24275,40,0,4,1320
374,-24275,40,0,4,1421
382,-24275,40,0,4,1307
383,-24275,40,0,4,1580
388,-24275,40,0,4,573
390,-24275,40,0,4,1926
391,-24275,40,0,4,1292
394,-24275,40,0,4,1976
402,-24275,40,0,4,777
406,-24275,40,0,4,1095
409,-24275,40,0,4,1308
411,-24275,40,0,4,1150
413,-24275,40,0,4,830
424,-24275,40,0,4,1244
433,-24275,40,0,4,1554
437,-24275,40,0,4,1344
442,-24275,40,0,4,912
443,-24275,40,0,4,1147
444,-24275,40,0,4,1718
458,-24275,40,0,4,944
470,-24275,40,0,4,860
471,-24275,40,0,4,1358
479,-24275,40,0,4,1251
485,-24275,40,0,4,2007
492,-24275,40,0,4,844
496,-24275,40,0,4,1723
503,-24275,40,0,4,1866
508,-24275,40,0,4,2100
511,-24275,40,0,4,1663
512,-24275,40,0,4,1655
514,-24275,40,0,4,2077
517,-24275,40,0,4,1407
519,-24275,40,0,4,1199
522,-24275,40,0,4,1852
523,-24275,40,0,4,2014
527,-24275,40,0,4,1947
528,-24275,40,0,4,1909
529,-24275,40,0,4,2242
531,-24275,40,0,4,1588
532,-24275,40,0,4,1216
538,-24275,40,0,4,1274
542,-24275,40,0,4,1980
543,-24275,40,0,4,1937
556,-24275,40,0,4,2193
557,-24275,40,0,4,2206
558,-24275,40,0,4,1950
560,-24275,40,0,4,1992
561,-24275,40,0,4,1937
562,-24275,40,0,4,2042
570,-24275,40,0,4,1867
573,-24275,40,0,4,2460
575,-24275,40,0,4,1603
576,-24275,40,0,4,1902
580,-24275,40,0,4,2005
582,-24275,40,0,4,2049
584,-24275,40,0,4,1939
585,-24275,40,0,4,2195
586,-24275,40,0,4,2349
587,-24275,40,0,4,2267
589,-24275,40,0,4,2121
590,-24275,40,0,4,2081
591,-24275,40,0,4,1895
594,-24275,40,0,4,2071
596,-24275,40,0,4,1805
600,-24275,40,0,4,1582
610,-24275,40,0,4,1683
612,-24275,40,0,4,1788
613,-24275,40,0,4,1551
615,-24275,40,0,4,2692
619,-24275,40,0,4,1895
620,-24275,40,0,4,932
621,-24275,40,0,4,2096
627,-24275,40,0,4,2248
628,-24275,40,0,4,1838
629,-24275,40,0,4,1869
636,-24275,40,0,4,1761
638,-24275,40,0,4,1935
646,-24275,40,0,4,2021
650,-24275,40,0,4,1929
651,-24275,40,0,4,1277
654,-24275,40,0,4,1866
655,-24275,40,0,4,1119
657,-24275,40,0,4,1940
658,-24275,40,0,4,1320
661,-24275,40,0,4,2159
668,-24275,40,0,4,1798
674,-24275,40,0,4,1686
683,-24275,40,0,4,1920
684,-24275,40,0,4,1934
685,-24275,40,0,4,1897
689,-24275,40,0,4,1016
692,-24275,40,0,4,1064
693,-24275,40,0,4,1352
696,-24275,40,0,4,1514
700,-24275,40,0,4,1912
702,-24275,40,0,4,2128
712,-24275,40,0,4,1572
718,-24275,40,0,4,1720
719,-24275,40,0,4,705
723,-24275,40,0,4,1475
724,-24275,40,0,4,1680
726,-24275,40,0,4,1493
749,-24275,40,0,4,1148
750,-24275,40,0,4,1904
753,-24275,40,0,4,1030
756,-24275,40,0,4,789
757,-24275,40,0,4,1332
765,-24275,40,0,4,1327
769,-24275,40,0,4,1451
773,-24275,40,0,4,1320
776,-24275,40,0,4,1851
781,-24275,40,0,4,337
783,-24275,40,0,4,1533
784,-24275,40,0,4,1321
787,-24275,40,0,4,1893
799,-24275,40,0,4,1354
809,-24275,40,0,4,1458
816,-24275,40,0,4,1033
818,-24275,40,0,4,742
821,-24275,40,0,4,1893
823,-24275,40,0,4,1874
824,-24275,40,0,4,1406
829,-24275,40,0,4,825
830,-24275,40,0,4,1358
837,-24275,40,0,4,761
842,-24275,40,0,4,1107
844,-24275,40,0,4,1008
852,-24275,40,0,4,1298
856,-24275,40,0,4,894
860,-24275,40,0,4,1913
862,-24275,40,0,4,1967
863,-24275,40,0,4,1541
864,-24275,40,0,4,945
865,-24275,40,0,4,1657
866,-24275,40,0,4,1617
867,-24275,40,0,4,1889
871,-24275,40,0,4,1187
879,-24275,40,0,4,1772
881,-24275,40,0,4,1052
884,-24275,40,0,4,1710
891,-24275,40,0,4,1919
892,-24275,40,0,4,1504
895,-24275,40,0,4,1885
896,-24275,40,0,4,1894
899,-24275,40,0,4,1969
901,-24275,40,0,4,2316
903,-24275,40,0,4,1898
905,-24275,40,0,4,2108
909,-24275,40,0,4,1980
917,-24275,40,0,4,1302
920,-24275,40,0,4,1917
923,-24275,40,0,4,1548
924,-24275,40,0,4,1972
927,-24275,40,0,4,2161
928,-24275,40,0,4,2001
929,-24275,40,0,4,1503
931,-24275,40,0,4,972
932,-24275,40,0,4,1389
933,-24275,40,0,4,1897
935,-24275,40,0,4,2366
938,-24275,40,0,4,1612
941,-24275,40,0,4,1578
942,-24275,40,0,4,2180
944,-24275,40,0,4,1476
945,-24275,40,0,4,2354
951,-24275,40,0,4,888
953,-24275,40,0,4,1174
968,-24275,40,0,4,1515
973,-24275,40,0,4,1831
977,-24275,40,0,4,1689
982,-24275,40,0,4,1824
989,-24275,40,0,4,2059
990,-24275,40,0,4,1343
991,-24275,40,0,4,2711
993,-24275,40,0,4,1341
994,-24275,40,0,4,1973
997,-24275,40,0,4,1623
1000,-24275,40,0,4,2198
259,-24390,40,0,5,1458
652,-24390,40,0,5,1938
970,-24390,40,0,5,2267
3,-24390,40,0,4,1347
12,-24390,40,0,4,932
15,-24390,40,0,4,1968
20,-24390,40,0,4,1560
31,-24390,40,0,4,1239
40,-24390,40,0,4,679
42,-24390,40,0,4,1764
44,-24390,40,0,4,1062
45,-24390,40,0,4,819
47,-24390,40,0,4,1306
48,-24390,40,0,4,1309
53,-24390,40,0,4,1733
54,-24390,40,0,4,1689
60,-24390,40,0,4,1373
61,-24390,40,0,4,1223
64,-24390,40,0,4,1323
76,-24390,40,0,4,921
84,-24390,40,0,4,1985
87,-24390,40,0,4,1129
97,-24390,40,0,4,1924
103,-24390,40,0,4,1825
106,-24390,40,0,4,1340
114,-24390,40,0,4,1205
121,-24390,40,0,4,1861
129,-24390,40,0,4,1483
135,-24390,40,0,4,2033
136,-24390,40,0,4,1707
140,-24390,40,0,4,1190
144,-24390,40,0,4,2069
145,-24390,40,0,4,1610
149,-24390,40,0,4,2151
150,-24390,40,0,4,1832
152,-24390,40,0,4,1524
158,-24390,40,0,4,1835
170,-24390,40,0,4,2070
178,-24390,40,0,4,2175
183,-24390,40,0,4,1924
185,-24390,40,0,4,2116
186,-24390,40,0,4,790
196,-24390,40,0,4,1778
197,-24390,40,0,4,893
198,-24390,40,0,4,767
199,-24390,40,0,4,1647
201,-24390,40,0,4,963
216,-24390,40,0,4,1516
219,-24390,40,0,4,1748
223,-24390,40,0,4,1217
229,-24390,40,0,4,1264
230,-24390,40,0,4,816
232,-24390,40,0,4,1881
234,-24390,40,0,4,2061
242,-24390,40,0,4,1876
249,-24390,40,0,4,851
257,-24390,40,0,4,1886
258,-24390,40,0,4,1091
260,-24390,40,0,4,1758
268,-24390,40,0,4,1383
269,-24390,40,0,4,1964
274,-24390,40,0,4,687
281,-24390,40,0,4,875
287,-24390,40,0,4,989
302,-24390,40,0,4,1976
316,-24390,40,0,4,1371
320,-24390,40,0,4,1526
324,-24390,40,0,4,1932
328,-24390,40,0,4,1041
330,-24390,40,0,4,1592
332,-24390,40,0,4,1675
338,-24390,40,0,4,1708
341,-24390,40,0,4,859
348,-24390,40,0,4,1989
349,-24390,40,0,4,1453
371,-24390,40,0,4,677
375,-24390,40,0,4,1961
379,-24390,40,0,4,1386
380,-24390,40,0,4,1002
384,-24390,40,0,4,1103
395,-24390,40,0,4,512
396,-24390,40,0,4,1724
397,-24390,40,0,4,689
419,-24390,40,0,4,1085
428,-24390,40,0,4,1990
429,-24390,40,0,4,1034
456,-24390,40,0,4,1828
468,-24390,40,0,4,1018
469,-24390,40,0,4,1067
472,-24390,40,0,4,1879
473,-24390,40,0,4,736
476,-24390,40,0,4,922
480,-24390,40,0,4,1602
483,-24390,40,0,4,1271
487,-24390,40,0,4,1257
490,-24390,40,0,4,1290
495,-24390,40,0,4,1790
497,-24390,40,0,4,1850
513,-24390,40,0,4,1242
521,-24390,40,0,4,1921
535,-24390,40,0,4,1575
537,-24390,40,0,4,2001
546,-24390,40,0,4,1613
551,-24390,40,0,4,1397
552,-24390,40,0,4,1436
553,-24390,40,0,4,2003
565,-24390,40,0,4,1991
568,-24390,40,0,4,1961
569,-24390,40,0,4,1975
571,-24390,40,0,4,1342
578,-24390,40,0,4,1773
579,-24390,40,0,4,1667
581,-24390,40,0,4,1887
592,-24390,40,0,4,1256
622,-24390,40,0,4,1974
630,-24390,40,0,4,1879
633,-24390,40,0,4,1232
639,-24390,40,0,4,1809
645,-24390,40,0,4,2157
656,-24390,40,0,4,1900
660,-24390,40,0,4,1855
665,-24390,40,0,4,1980
667,-24390,40,0,4,1252
669,-24390,40,0,4,1731
675,-24390,40,0,4,1382
680,-24390,40,0,4,1120
688,-24390,40,0,4,1822
691,-24390,40,0,4,1504
695,-24390,40,0,4,1847
699,-24390,40,0,4,2000
703,-24390,40,0,4,1553
705,-24390,40,0,4,1949
714,-24390,40,0,4,1842
720,-24390,40,0,4,1878
729,-24390,40,0,4,981
743,-24390,40,0,4,677
744,-24390,40,0,4,1275
751,-24390,40,0,4,1681
755,-24390,40,0,4,2009
775,-24390,40,0,4,1146
777,-24390,40,0,4,1242
791,-24390,40,0,4,1533
793,-24390,40,0,4,1396
803,-24390,40,0,4,1422
805,-24390,40,0,4,979
806,-24390,40,0,4,1931
812,-24390,40,0,4,1695
813,-24390,40,0,4,1079
814,-24390,40,0,4,1700
817,-24390,40,0,4,829
835,-24390,40,0,4,1595
838,-24390,40,0,4,706
839,-24390,40,0,4,1489
854,-24390,40,0,4,1070
880,-24390,40,0,4,625
883,-24390,40,0,4,851
885,-24390,40,0,4,862
890,-24390,40,0,4,1452
897,-24390,40,0,4,2025
902,-24390,40,0,4,1872
907,-24390,40,0,4,1819
912,-24390,40,0,4,1817
913,-24390,40,0,4,1477
918,-24390,40,0,4,1347
921,-24390,40,0,4,1129
922,-24390,40,0,4,1319
925,-24390,40,0,4,1875
947,-24390,40,0,4,1888
949,-24390,40,0,4,1834
950,-24390,40,0,4,1943
954,-24390,40,0,4,1935
962,-24390,40,0,4,1674
969,-24390,40,0,4,1915
972,-24390,40,0,4,1643
975,-24390,40,0,4,1764
976,-24390,40,0,4,1874
981,-24390,40,0,4,1567
984,-24390,40,0,4,1837
995,-24390,40,0,4,1499
930,-24505,40,0,5,2383
1,-24505,40,0,4,2105
22,-24505,40,0,4,826
63,-24505,40,0,4,700
71,-24505,40,0,4,979
75,-24505,40,0,4,1519
102,-24505,40,0,4,1734
138,-24505,40,0,4,1240
146,-24505,40,0,4,1020
155,-24505,40,0,4,2250
159,-24505,40,0,4,1956
167,-24505,40,0,4,1099
202,-24505,40,0,4,1203
203,-24505,40,0,4,652
239,-24505,40,0,4,1674
256,-24505,40,0,4,1865
313,-24505,40,0,4,1598
345,-24505,40,0,4,862
373,-24505,40,0,4,482
392,-24505,40,0,4,1812
393,-24505,40,0,4,504
426,-24505,40,0,4,1261
447,-24505,40,0,4,571
450,-24505,40,0,4,1532
462,-24505,40,0,4,718
488,-24505,40,0,4,1592
524,-24505,40,0,4,1136
598,-24505,40,0,4,1041
631,-24505,40,0,4,1483
682,-24505,40,0,4,2643
725,-24505,40,0,4,1581
745,-24505,40,0,4,616
761,-24505,40,0,4,561
785,-24505,40,0,4,1107
788,-24505,40,0,4,1177
826,-24505,40,0,4,1156
827,-24505,40,0,4,1803
848,-24505,40,0,4,973
855,-24505,40,0,4,760
872,-24505,40,0,4,1394
873,-24505,40,0,4,795
878,-24505,40,0,4,1019
908,-24505,40,0,4,1306
910,-24505,40,0,4,1441
940,-24505,40,0,4,1348
986,-24505,40,0,4,1800
904,-24620,40,0,5,1825
321,-24620,40,0,4,664
358,-24620,40,0,4,1603
360,-24620,40,0,4,1178
774,-24620,40,0,4,695
963,-24620,40,0,4,1743
163,-24900,40,0,5,1945
7,-25130,40,0,5,1890
494,-25130,40,0,5,2221
172,-25140,40,0,6,2294
978,-24795,41,0,5,1686
29,-24795,41,0,4,1176
278,-24795,41,0,4,578
9,-24795,41,0,3,868
11,-24795,41,0,3,501
14,-24795,41,0,3,424
18,-24795,41,0,3,480
24,-24795,41,0,3,1073
30,-24795,41,0,3,666
32,-24795,41,0,3,404
35,-24795,41,0,3,468
39,-24795,41,0,3,419
50,-24795,41,0,3,879
52,-24795,41,0,3,618
74,-24795,41,0,3,654
126,-24795,41,0,3,978
130,-24795,41,0,3,470
134,-24795,41,0,3,818
151,-24795,41,0,3,1184
184,-24795,41,0,3,571
192,-24795,41,0,3,515
195,-24795,41,0,3,649
204,-24795,41,0,3,639
214,-24795,41,0,3,1065
231,-24795,41,0,3,1739
244,-24795,41,0,3,559
247,-24795,41,0,3,635
251,-24795,41,0,3,495
252,-24795,41,0,3,356
261,-24795,41,0,3,469
263,-24795,41,0,3,1441
267,-24795,41,0,3,366
272,-24795,41,0,3,295
277,-24795,41,0,3,593
279,-24795,41,0,3,651
280,-24795,41,0,3,255
283,-24795,41,0,3,515
286,-24795,41,0,3,624
289,-24795,41,0,3,349
290,-24795,41,0,3,472
296,-24795,41,0,3,451
299,-24795,41,0,3,306
322,-24795,41,0,3,609
326,-24795,41,0,3,449
329,-24795,41,0,3,331
342,-24795,41,0,3,484
352,-24795,41,0,3,535
377,-24795,41,0,3,517
381,-24795,41,0,3,561
401,-24795,41,0,3,411
403,-24795,41,0,3,578
408,-24795,41,0,3,798
412,-24795,41,0,3,627
418,-24795,41,0,3,862
422,-24795,41,0,3,417
431,-24795,41,0,3,627
435,-24795,41,0,3,1700
446,-24795,41,0,3,389
448,-24795,41,0,3,331
449,-24795,41,0,3,392
455,-24795,41,0,3,471
457,-24795,41,0,3,644
463,-24795,41,0,3,497
477,-24795,41,0,3,499
482,-24795,41,0,3,562
486,-24795,41,0,3,555
533,-24795,41,0,3,1151
597,-24795,41,0,3,1027
606,-24795,41,0,3,1230
616,-24795,41,0,3,1077
649,-24795,41,0,3,765
676,-24795,41,0,3,1185
732,-24795,41,0,3,542
735,-24795,41,0,3,420
740,-24795,41,0,3,970
741,-24795,41,0,3,448
746,-24795,41,0,3,587
747,-24795,41,0,3,921
752,-24795,41,0,3,434
754,-24795,41,0,3,435
760,-24795,41,0,3,391
762,-24795,41,0,3,580
764,-24795,41,0,3,553
767,-24795,41,0,3,775
770,-24795,41,0,3,454
772,-24795,41,0,3,663
782,-24795,41,0,3,545
786,-24795,41,0,3,382
789,-24795,41,0,3,213
795,-24795,41,0,3,610
797,-24795,41,0,3,493
807,-24795,41,0,3,639
808,-24795,41,0,3,508
810,-24795,41,0,3,474
815,-24795,41,0,3,554
832,-24795,41,0,3,686
840,-24795,41,0,3,653
846,-24795,41,0,3,884
849,-24795,41,0,3,355
853,-24795,41,0,3,502
857,-24795,41,0,3,1151
877,-24795,41,0,3,674
894,-24795,41,0,3,839
955,-24795,41,0,3,768
423,-24910,41,0,5,1918
461,-24910,41,0,5,2060
694,-24910,41,0,5,2321
294,-24910,41,0,4,982
868,-24910,41,0,4,707
5,-24910,41,0,3,216
23,-24910,41,0,3,538
37,-24910,41,0,3,427
56,-24910,41,0,3,234
59,-24910,41,0,3,525
109,-24910,41,0,3,928
117,-24910,41,0,3,795
191,-24910,41,0,3,515
193,-24910,41,0,3,275
207,-24910,41,0,3,473
220,-24910,41,0,3,476
227,-24910,41,0,3,683
237,-24910,41,0,3,327
245,-24910,41,0,3,700
253,-24910,41,0,3,607
254,-24910,41,0,3,651
265,-24910,41,0,3,274
271,-24910,41,0,3,270
273,-24910,41,0,3,453
276,-24910,41,0,3,927
285,-24910,41,0,3,883
292,-24910,41,0,3,621
312,-24910,41,0,3,327
315,-24910,41,0,3,424
317,-24910,41,0,3,720
333,-24910,41,0,3,387
337,-24910,41,0,3,461
339,-24910,41,0,3,443
340,-24910,41,0,3,795
346,-24910,41,0,3,847
351,-24910,41,0,3,340
367,-24910,41,0,3,392
370,-24910,41,0,3,565
385,-24910,41,0,3,349
405,-24910,41,0,3,465
414,-24910,41,0,3,390
415,-24910,41,0,3,761
416,-24910,41,0,3,521
420,-24910,41,0,3,410
421,-24910,41,0,3,381
425,-24910,41,0,3,693
427,-24910,41,0,3,544
432,-24910,41,0,3,479
434,-24910,41,0,3,705
440,-24910,41,0,3,528
445,-24910,41,0,3,325
453,-24910,41,0,3,469
464,-24910,41,0,3,355
466,-24910,41,0,3,582
474,-24910,41,0,3,433
564,-24910,41,0,3,588
727,-24910,41,0,3,507
730,-24910,41,0,3,368
734,-24910,41,0,3,304
737,-24910,41,0,3,752
759,-24910,41,0,3,552
763,-24910,41,0,3,508
768,-24910,41,0,3,562
771,-24910,41,0,3,490
778,-24910,41,0,3,423
792,-24910,41,0,3,552
801,-24910,41,0,3,210
804,-24910,41,0,3,382
819,-24910,41,0,3,182
825,-24910,41,0,3,520
834,-24910,41,0,3,687
841,-24910,41,0,3,597
845,-24910,41,0,3,297
861,-24910,41,0,3,720
870,-24910,41,0,3,449
875,-24910,41,0,3,780
886,-24910,41,0,3,501
467,-25025,41,0,5,2024
999,-25025,41,0,5,1890
43,-25025,41,0,4,696
270,-25025,41,0,4,714
452,-25025,41,0,4,714
13,-25025,41,0,3,283
58,-25025,41,0,3,302
69,-25025,41,0,3,484
147,-25025,41,0,3,366
288,-25025,41,0,3,500
356,-25025,41,0,3,614
400,-25025,41,0,3,289
404,-25025,41,0,3,485
460,-25025,41,0,3,876
711,-25025,41,0,3,945
738,-25025,41,0,3,395
739,-25025,41,0,3,464
796,-25025,41,0,3,411
800,-25025,41,0,3,232
869,-25025,41,0,3,557
34,-25140,41,0,5,1611
851,-25140,41,0,5,1725
49,-25140,41,0,4,559
475,-25140,41,0,4,630
549,-25430,41,0,5,2227
659,-25535,41,0,5,1116
116,-25545,41,0,5,1964
143,-25545,41,0,5,2036
205,-25545,41,0,5,2088
716,-25545,41,0,5,2144
132,-25650,41,0,5,2130
179,-25650,41,0,5,2247
250,-25650,41,0,5,1748
516,-25650,41,0,5,1425
555,-25650,41,0,5,1629
952,-25660,41,0,5,824
489,-25765,41,0,6,2224
80,-25765,41,0,5,1799
236,-25430,42,0,4,652
264,-25430,42,0,4,907
275,-25430,42,0,4,1297
334,-25430,42,0,4,1109
206,-25430,42,0,2,84
235,-25430,42,0,2,71
389,-25430,42,0,2,152
733,-25430,42,0,2,88
820,-25430,42,0,2,238
858,-25430,42,0,2,106
859,-25430,42,0,2,236
887,-25430,42,0,2,87
967,-25545,42,0,5,1750
95,-25545,42,0,4,1191
758,-25545,42,0,4,769
802,-25545,42,0,4,1359
407,-25545,42,0,3,198
350,-25545,42,0,2,76
850,-25545,42,0,2,71
882,-25545,42,0,2,86
410,-25660,42,0,2,35
780,-25940,42,0,5,876
266,-26065,42,0,4,599
742,-26065,42,0,4,584
662,-26170,42,0,6,1907
81,-26170,42,0,5,944
530,-26170,42,0,5,1927
354,-26285,42,0,4,918
833,-26285,42,0,4,359
293,-26180,43,0,3,123
62,-26700,44,0,0,0
105,-26700,44,0,0,0
194,-26700,44,0,0,0
209,-26700,44,0,0,0
221,-26700,44,0,0,0
238,-26700,44,0,0,0
303,-26700,44,0,0,0
310,-26700,44,0,0,0
399,-26700,44,0,0,0
481,-26700,44,0,0,0
498,-26700,44,0,0,0
728,-26700,44,0,0,0
731,-26700,44,0,0,0
736,-26700,44,0,0,0
766,-26700,44,0,0,0
779,-26700,44,0,0,0
798,-26700,44,0,0,0
934,-26700,44,0,0,0
